
UPDATE avance SET FechaAvance = DATE_FORMAT(FechaAvance,"%d/%m/%Y") WHERE YEAR(FechaAvance) = 2020 AND ID IN(341726,
341725	,341724	,341717	,341716	,341715	,341712	,341711	,341710	,341709	,341708	,341707	,341705	,341704	,341703	,
341702	,341701	,341700	,341699	,341698	,341697	,341696	,341695	,341694	,341693	,341692	,341691	,341690	,341689	,341688	,
341687	,341686	,341685	,341684	,341683	,341682	,341681	,341680	,
341679	,341678	,341677	,341676	,341675	,341674	,341673	,341672	,341671	,341670	,341669	,341668	,341667	,341666	,341665	,
341664	,341663	,341662	,341661	,341660	,341659	,341658	,341657	,341656	,341655	,341654	,341653	,341652	,341651	,341650	,
341649	,341648	,341647	,341646	,341645	,341644	,341643	,341642	,341641	,341640	,341639	,341638	,
341637	,341636	,341635	,341634	,341633	,341632	,341631	,341630	,341629	,341628	,341627	,341626	,341625	,341624	,341623	,341622	,
341621	,341620	,341619	,341618	,341617	,341616	,341615	,341614	,
341613	,341612	,341611	,341610	,341609	,341608	,341607	,341606	,
341605	,341604	,341603	,341602	,341601	,341600	,341599	,341598	,
341597	,341596	,341595	,341594	,341593	,341592	,341591	,341590	,
341589	,341588	,341587	,341586	,341585	,341584	,341583	,341582	,
341581	,341580	,341579	,341578	,341577	,341576	,341575	,341574	,
341573	,341572	,341571	,341570	,341569	,341567	,341566	,341565	,
341564	,341563	,341562	,341561	,341560	,341559	,341558	,341557	,
341556	,341555	,341554	,341553	,341552	,341551	,341550	,341549	,
341548	,341547	,341546	,341545	,341544	,341543	,341542	,341541	,
341540	,341539	,341531	,341530	,341529	,341528	,341527	,341526	);